15 17 18 1 2 1 16 4 11 14 8 7 3 16 17
8 19 11 18 0 18 11 1 12 4 5 5 4 12 9
14 10 3 11 4 1 17 10 18 17 18 3 2 10 6
7 14 8 0 7 16 17 4 10 19 1 9 0 4 5
15 0 1 17 8 12 16 18 6 1 12 9 5 1 18
19 15 10 18 3 6 3 4 1 18 1 3 5 19 0
9 10 17 0 5 7 12 4 8 7 2 5 0 13 1
2 14 10 13 1 15 11 10 6 2 7 14 8 15 19
17 11 5 18 2 14 4 9 15 4 3 13 16 7 12
19 0 2 3 17 9 14 18 8 15 12 5 18 8 2
19 15 12 2 0 1 5 17 15 6 0 18 5 11 11
0 4 12 3 12 4 8 18 3 2 17 17 16 13 15
18 14 11 12 15 11 10 18 9 11 8 12 5 7 10
9 7 9 19 0 9 10 2 16 4 1 5 2 4 8
7 16 6 2 17 0 18 15 8 1 13 17 8 8 6
